-3.672591841593384743e+01 -2.595231244340538979e+00 2.084958511721342802e+03
-1.216241667172871530e+02 -5.985807369882240891e+01 2.084842507974244654e+03
-2.445870732185431109e+02 -1.428074095724150538e+02 2.084740883391350508e+03
-4.008749174214899540e+02 -2.482140795732848346e+02 2.084614917859435081e+03
-5.880473885014653206e+02 -3.745030171931721270e+02 2.084782869183458388e+03
-8.041618309589102864e+02 -5.202644160045310855e+02 2.084953522794879973e+03
-1.047725277536083013e+03 -6.845733788702636957e+02 2.084429244116880000e+03
-1.317583527929382399e+03 -8.666043064040131867e+02 2.083387830445542932e+03
-1.612876176679041237e+03 -1.065823749723378569e+03 2.083128401937894523e+03
4.107624145876616240e+01 3.529173287563025951e+00 2.084929311719723046e+03
1.340479071452282369e+02 -3.985038203839212656e+01 2.084783555055968463e+03
2.681720966675784439e+02 -1.023752302853390574e+02 2.084602158230729401e+03
4.391048139068298042e+02 -1.820671815527603030e+02 2.083291298766620457e+03
6.437252203307580203e+02 -2.774868906494230032e+02 2.082364443611353636e+03
8.797039280983153731e+02 -3.876288238097913563e+02 2.082470149246044457e+03
1.146321434814482927e+03 -5.118187320805154741e+02 2.082863396386615932e+03
1.441407241083681583e+03 -6.494233130174688995e+02 2.082651585593819618e+03
1.764139917185995728e+03 -7.999288062131963670e+02 2.085543370491825044e+03
-4.366315090097485196e+00 7.711915427492931485e+01 2.085011496372520924e+03
-1.132750158873386326e+01 1.568006845368072391e+02 2.085107398494146764e+03
-2.280356545490212028e+01 2.878212330485694110e+02 2.085245718765072525e+03
-3.762831464176996121e+01 4.571399109330959618e+02 2.085449567290022969e+03
-5.537004599883219669e+01 6.600178973684087396e+02 2.085636294109746814e+03
-7.587886394537051160e+01 8.942003925847820938e+02 2.085862576200626791e+03
-9.897789110383016009e+01 1.158155599999707192e+03 2.086311157867312431e+03
-1.245681948845740123e+02 1.450582868473138660e+03 2.087166235863231122e+03
-1.525718306121416106e+02 1.770456107425969094e+03 2.088091700816527009e+03
